from numpy import array, float32
import numpy as np

x = array([[ 0.77395 ,  0.175389,  0.608474,  0.      ],
       [ 0.39543 ,  0.616655, -0.680715,  0.      ],
       [-0.494608,  0.767448,  0.407906,  0.      ],
       [ 0.      ,  0.      ,  0.      ,  1.      ]], dtype=float32)

y = array([[ 0.77395 ,  0.175389,  0.608474,  0.      ],
       [ 0.39543 ,  0.616655, -0.680715,  0.      ],
       [-0.494608,  0.767448,  0.407906,  0.      ],
       [ 0.      ,  0.      ,  0.      ,  1.      ]], dtype=float32)


print(np.max(np.abs(x - y)))
